Fock Matrix Fa (Hartree):
   -2.5666   -0.2674    0.0826         0         0
   -0.2674  -48.1792         0         0         0
    0.0826         0  -48.1792         0         0
         0         0         0  -48.1792         0
         0         0         0         0  -48.1792

Fock Matrix Fb (Hartree):
   -2.5666   -0.2674    0.0826         0         0
   -0.2674  -48.1792         0         0         0
    0.0826         0  -48.1792         0         0
         0         0         0  -48.1792         0
         0         0         0         0  -48.1792

Density Matrix P_alpha:
   3.7628e-05   5.8609e-03  -1.8100e-03            0            0
   5.8609e-03   9.9997e-01   1.0609e-05            0            0
  -1.8100e-03   1.0609e-05   1.0000e+00            0            0
            0            0            0   1.0000e+00            0
            0            0            0            0   1.0000e+00

Density Matrix P_beta:
   3.7628e-05   5.8609e-03  -1.8100e-03            0            0
   5.8609e-03   9.9997e-01   1.0609e-05            0            0
  -1.8100e-03   1.0609e-05   1.0000e+00            0            0
            0            0            0   1.0000e+00            0
            0            0            0            0   1.0000e+00

Total Density Matrix P_total:
   7.5255e-05   1.1722e-02  -3.6200e-03            0            0
   1.1722e-02   1.9999e+00   2.1217e-05            0            0
  -3.6200e-03   2.1217e-05   2.0000e+00            0            0
            0            0            0   2.0000e+00            0
            0            0            0            0   2.0000e+00

Electron Energy: -14457 eV
Total Energy ECNDO/2: -14346.3 eV
Nuclear Repulsion Energy: 110.742 eV
