Fock Matrix Fa (Hartree):
   -8.0866   -2.7461    0.8657         0         0
   -2.7461  -54.0434         0         0         0
    0.8657         0  -54.0434         0         0
         0         0         0  -54.0434         0
         0         0         0         0  -54.0434

Fock Matrix Fb (Hartree):
   -8.0866   -2.7461    0.8657         0         0
   -2.7461  -54.0434         0         0         0
    0.8657         0  -54.0434         0         0
         0         0         0  -54.0434         0
         0         0         0         0  -54.0434

Density Matrix P_alpha:
   0.0039   0.0593  -0.0187        0        0
   0.0593   0.9965   0.0011        0        0
  -0.0187   0.0011   0.9996        0        0
        0        0        0   1.0000        0
        0        0        0        0   1.0000

Density Matrix P_beta:
   0.0039   0.0593  -0.0187        0        0
   0.0593   0.9965   0.0011        0        0
  -0.0187   0.0011   0.9996        0        0
        0        0        0   1.0000        0
        0        0        0        0        0

Total Density Matrix P_total:
   0.0078   0.1186  -0.0374        0        0
   0.1186   1.9929   0.0022        0        0
  -0.0374   0.0022   1.9993        0        0
        0        0        0   2.0000        0
        0        0        0        0   1.0000

Electron Energy: -15455.7 eV
Total Energy ECNDO/2: -15366.5 eV
