Overlap Matrix S:
   1.1236e-01            0            0            0   2.9381e-05  -8.1173e-05            0            0
            0   5.2119e-02            0            0   8.1173e-05  -2.0940e-04            0            0
            0            0   5.2119e-02            0            0            0   1.4668e-05            0
            0            0            0   5.2119e-02            0            0            0   1.4668e-05
   2.9381e-05   8.1173e-05            0            0   1.1236e-01            0            0            0
  -8.1173e-05  -2.0940e-04            0            0            0   5.2119e-02            0            0
            0            0   1.4668e-05            0            0            0   5.2119e-02            0
            0            0            0   1.4668e-05            0            0            0   5.2119e-02

gamma Matrix:
   25.0000   25.0000   25.0000   25.0000   25.0000   25.0000   25.0000   25.0000
   25.0000   25.0000   25.0000   25.0000   25.0000   25.0000   25.0000   25.0000
   25.0000   25.0000   25.0000   25.0000   25.0000   25.0000   25.0000   25.0000
   25.0000   25.0000   25.0000   25.0000   25.0000   25.0000   25.0000   25.0000
   25.0000   25.0000   25.0000   25.0000   25.0000   25.0000   25.0000   25.0000
   25.0000   25.0000   25.0000   25.0000   25.0000   25.0000   25.0000   25.0000
   25.0000   25.0000   25.0000   25.0000   25.0000   25.0000   25.0000   25.0000
   25.0000   25.0000   25.0000   25.0000   25.0000   25.0000   25.0000   25.0000

H_core Matrix (eV):
  -9.8860e+02            0            0            0  -7.3452e-04   2.0293e-03            0            0
            0  -9.8860e+02            0            0  -2.0293e-03   5.2350e-03            0            0
            0            0  -9.8860e+02            0            0            0  -3.6669e-04            0
            0            0            0  -9.8860e+02            0            0            0  -3.6669e-04
  -7.3452e-04  -2.0293e-03            0            0  -9.8860e+02            0            0            0
   2.0293e-03   5.2350e-03            0            0            0  -9.8860e+02            0            0
            0            0  -3.6669e-04            0            0            0  -9.8860e+02            0
            0            0            0  -3.6669e-04            0            0            0  -9.8860e+02

Final Fock Matrix Fa (eV):
  -1.1393e+03            0            0            0  -1.4690e-03   4.0587e-03            0            0
            0  -1.1393e+03            0            0  -4.0587e-03   1.0470e-02            0            0
            0            0  -1.1393e+03            0            0            0  -7.3339e-04            0
            0            0            0  -1.1393e+03            0            0            0  -7.3339e-04
  -1.4690e-03  -4.0587e-03            0            0  -1.1393e+03            0            0            0
   4.0587e-03   1.0470e-02            0            0            0  -1.1393e+03            0            0
            0            0  -7.3339e-04            0            0            0  -1.1393e+03            0
            0            0            0  -7.3339e-04            0            0            0  -1.1393e+03

Final Fock Matrix Fb (eV):
  -1.1393e+03            0            0            0  -1.4690e-03   4.0587e-03            0            0
            0  -1.1393e+03            0            0  -4.0587e-03   1.0470e-02            0            0
            0            0  -1.1393e+03            0            0            0  -7.3339e-04            0
            0            0            0  -1.1393e+03            0            0            0  -7.3339e-04
  -1.4690e-03  -4.0587e-03            0            0  -1.1393e+03            0            0            0
   4.0587e-03   1.0470e-02            0            0            0  -1.1393e+03            0            0
            0            0  -7.3339e-04            0            0            0  -1.1393e+03            0
            0            0            0  -7.3339e-04            0            0            0  -1.1393e+03

Final Density Matrix P_alpha:
   9.3565e-01  -1.6743e-01  -8.7826e-11            0   6.4346e-02  -1.6743e-01   8.6771e-11            0
  -1.6743e-01   5.6435e-01   3.0625e-11            0   1.6743e-01  -4.3565e-01  -3.3368e-11            0
  -8.7826e-11   3.0625e-11   5.0000e-01            0  -1.3386e-10  -5.1466e-11   5.0000e-01            0
            0            0            0   5.0000e-01            0            0            0   5.0000e-01
   6.4346e-02   1.6743e-01  -1.3386e-10            0   9.3565e-01   1.6743e-01   1.3492e-10            0
  -1.6743e-01  -4.3565e-01  -5.1466e-11            0   1.6743e-01   5.6435e-01   4.8723e-11            0
   8.6771e-11  -3.3368e-11   5.0000e-01            0   1.3492e-10   4.8723e-11   5.0000e-01            0
            0            0            0   5.0000e-01            0            0            0   5.0000e-01

Final Density Matrix P_beta:
   9.3565e-01  -1.6743e-01  -8.7826e-11            0   6.4346e-02  -1.6743e-01   8.6771e-11            0
  -1.6743e-01   5.6435e-01   3.0625e-11            0   1.6743e-01  -4.3565e-01  -3.3368e-11            0
  -8.7826e-11   3.0625e-11   5.0000e-01            0  -1.3386e-10  -5.1466e-11   5.0000e-01            0
            0            0            0   5.0000e-01            0            0            0   5.0000e-01
   6.4346e-02   1.6743e-01  -1.3386e-10            0   9.3565e-01   1.6743e-01   1.3492e-10            0
  -1.6743e-01  -4.3565e-01  -5.1466e-11            0   1.6743e-01   5.6435e-01   4.8723e-11            0
   8.6771e-11  -3.3368e-11   5.0000e-01            0   1.3492e-10   4.8723e-11   5.0000e-01            0
            0            0            0   5.0000e-01            0            0            0   5.0000e-01

Total Density Matrix P_total:
   1.8713e+00  -3.3486e-01  -1.7565e-10            0   1.2869e-01  -3.3486e-01   1.7354e-10            0
  -3.3486e-01   1.1287e+00   6.1249e-11            0   3.3486e-01  -8.7131e-01  -6.6737e-11            0
  -1.7565e-10   6.1249e-11   1.0000e+00            0  -2.6772e-10  -1.0293e-10   1.0000e+00            0
            0            0            0   1.0000e+00            0            0            0   1.0000e+00
   1.2869e-01   3.3486e-01  -2.6772e-10            0   1.8713e+00   3.3486e-01   2.6983e-10            0
  -3.3486e-01  -8.7131e-01  -1.0293e-10            0   3.3486e-01   1.1287e+00   9.7445e-11            0
   1.7354e-10  -6.6737e-11   1.0000e+00            0   2.6983e-10   9.7445e-11   1.0000e+00            0
            0            0            0   1.0000e+00            0            0            0   1.0000e+00

Electron Energy: -16336 eV
Total Energy ECNDO/2: -16008.3 eV
Nuclear Repulsion Energy: 327.685 eV
